CPI                  Core 0     Core 1     Core 2     Core 3     Core 4     Core 5     Core 6     Core 7     Core 8     Core 9     Core 10    Core 11    Core 12    Core 13    Core 14    Core 15  
base                   0.27       0.23       0.24       0.25       0.28       0.31       0.25       0.24       0.25       0.31       0.23       0.25       0.24       0.22       0.23       0.25
dispatch_width         0.00       0.00       0.00       0.00       0.00       0.00       0.00       0.00       0.00       0.00       0.00       0.00       0.00       0.00       0.00       0.00
rs_full                1.03       1.16       1.10       1.16       1.04       1.05       1.11       1.06       1.05       1.03       1.13       1.09       1.09       1.13       1.12       1.16
depend-int             0.00       0.00       0.00       0.00       0.00       0.00       0.00       0.00       0.00       0.00       0.00       0.00       0.00       0.00       0.00       0.00
depend-fp              0.00       0.00       0.00       0.00       0.00       0.00       0.00       0.00       0.00       0.00       0.00       0.00       0.00       0.00       0.00       0.00
depend-branch          0.00       0.00       0.00       0.00       0.00       0.00       0.00       0.00       0.00       0.00       0.00       0.00       0.00       0.00       0.00       0.00
issue-port0            0.00       0.00       0.00       0.00       0.00       0.00       0.00       0.00       0.00       0.00       0.00       0.00       0.00       0.00       0.00       0.00
issue-port1            0.00       0.00       0.00       0.00       0.00       0.00       0.00       0.00       0.00       0.00       0.00       0.00       0.00       0.00       0.00       0.00
issue-port2            0.00       0.00       0.00       0.00       0.00       0.00       0.00       0.00       0.00       0.00       0.00       0.00       0.00       0.00       0.00       0.00
issue-port34           0.00       0.00       0.00       0.00       0.00       0.00       0.00       0.00       0.00       0.00       0.00       0.00       0.00       0.00       0.00       0.00
issue-port5            0.00       0.00       0.00       0.00       0.00       0.00       0.00       0.00       0.00       0.00       0.00       0.00       0.00       0.00       0.00       0.00
issue-port05           0.00       0.00       0.00       0.00       0.00       0.00       0.00       0.00       0.00       0.00       0.00       0.00       0.00       0.00       0.00       0.00
issue-port015          0.00       0.00       0.00       0.00       0.00       0.00       0.00       0.00       0.00       0.00       0.00       0.00       0.00       0.00       0.00       0.00
serial                 0.00       0.00       0.00       0.00       0.00       0.00       0.00       0.00       0.00       0.00       0.00       0.00       0.00       0.00       0.00       0.00
smt                    2.20       2.42       2.36       2.43       2.20       2.22       2.40       2.34       2.31       2.15       2.43       2.26       2.38       2.42       2.40       2.45
branch                 0.11       0.12       0.11       0.11       0.11       0.11       0.11       0.12       0.11       0.13       0.12       0.11       0.12       0.11       0.12       0.11
itlb                   0.00       0.00       0.00       0.00       0.00       0.00       0.00       0.00       0.00       0.00       0.00       0.00       0.00       0.00       0.00       0.00
dtlb                   0.00       0.00       0.00       0.00       0.00       0.00       0.00       0.00       0.00       0.00       0.00       0.00       0.00       0.00       0.00       0.00
ifetch                 4.42       4.75       4.62       4.84       4.33       4.30       4.75       5.01       4.77       4.31       4.88       4.35       4.82       4.77       4.77       4.76
mem-l1d                0.18       0.17       0.18       0.17       0.18       0.17       0.17       0.17       0.19       0.18       0.18       0.18       0.17       0.18       0.17       0.16
mem-l2                 0.03       0.03       0.03       0.03       0.04       0.04       0.02       0.03       0.02       0.05       0.03       0.03       0.02       0.03       0.03       0.03
mem-l3                 0.82       1.01       0.97       0.99       0.74       0.70       1.01       0.98       0.96       0.67       1.02       0.91       1.01       1.02       1.00       1.01
mem-l4                 0.00       0.00       0.00       0.00       0.00       0.00       0.00       0.00       0.00       0.00       0.00       0.00       0.00       0.00       0.00       0.00
mem-remote             0.00       0.00       0.00       0.00       0.00       0.00       0.00       0.00       0.00       0.00       0.00       0.00       0.00       0.00       0.00       0.00
mem-nuca               0.00       0.00       0.00       0.00       0.00       0.00       0.00       0.00       0.00       0.00       0.00       0.00       0.00       0.00       0.00       0.00
mem-dram-cache         0.00       0.00       0.00       0.00       0.00       0.00       0.00       0.00       0.00       0.00       0.00       0.00       0.00       0.00       0.00       0.00
mem-dram               2.25       2.25       2.20       2.27       2.30       2.28       2.27       2.30       2.29       2.28       2.26       2.28       2.32       2.29       2.27       2.24
sync-futex             0.00       0.00       0.00       0.00       0.00       0.00       0.00       0.00       0.00       0.00       0.00       0.00       0.00       0.00       0.00       0.00
sync-mutex             0.00       0.00       0.00       0.00       0.00       0.00       0.00       0.00       0.00       0.00       0.00       0.00       0.00       0.00       0.00       0.00
sync-cond              0.00       0.00       0.00       0.00       0.00       0.00       0.00       0.00       0.00       0.00       0.00       0.00       0.00       0.00       0.00       0.00
sync-barrier           0.00       0.00       0.00       0.00       0.00       0.00       0.00       0.00       0.00       0.00       0.00       0.00       0.00       0.00       0.00       0.00
sync-join              0.00       0.00       0.00       0.00       0.00       0.00       0.00       0.00       0.00       0.00       0.00       0.00       0.00       0.00       0.00       0.00
sync-pause             0.00       0.00       0.00       0.00       0.00       0.00       0.00       0.00       0.00       0.00       0.00       0.00       0.00       0.00       0.00       0.00
sync-sleep             0.00       0.00       0.00       0.00       0.00       0.00       0.00       0.00       0.00       0.00       0.00       0.00       0.00       0.00       0.00       0.00
sync-syscall           0.00       0.00       0.00       0.00       0.00       0.00       0.00       0.00       0.00       0.00       0.00       0.00       0.00       0.00       0.00       0.00
sync-unscheduled        0.00       0.00       0.00       0.00       0.00       0.00       0.00       0.00       0.00       0.00       0.00       0.00       0.00       0.00       0.00       0.00
sync-memaccess         0.00       0.00       0.00       0.00       0.00       0.00       0.00       0.00       0.00       0.00       0.00       0.00       0.00       0.00       0.00       0.00
sync-recv              0.00       0.00       0.00       0.00       0.00       0.00       0.00       0.00       0.00       0.00       0.00       0.00       0.00       0.00       0.00       0.00
dvfs-transition        0.00       0.00       0.00       0.00       0.00       0.00       0.00       0.00       0.00       0.00       0.00       0.00       0.00       0.00       0.00       0.00
imbalance-start        0.00       0.00       0.00       0.00       0.00       0.00       0.00       0.00       0.00       0.00       0.00       0.00       0.00       0.00       0.00       0.00
imbalance-end         -0.00      -0.01      -0.00      -0.00      -0.01      -0.02      -0.01      -0.00      -0.00      -0.00      -0.00      -0.01      -0.00      -0.00      -0.01      -0.01

total                 11.31      12.13      11.79      12.25      11.20      11.17      12.09      12.24      11.94      11.11      12.29      11.45      12.16      12.17      12.11      12.15
