CPI                  Core 0     Core 1     Core 2     Core 3     Core 4     Core 5     Core 6     Core 7     Core 8     Core 9     Core 10    Core 11    Core 12    Core 13    Core 14  
base                   0.58       0.47       0.50       0.56       0.64       0.56       0.45       0.51       0.43       0.53       0.45       0.55       0.48       0.48       0.50
dispatch_width         0.00       0.00       0.00       0.00       0.00       0.00       0.00       0.00       0.00       0.00       0.00       0.00       0.00       0.00       0.00
rs_full                0.34       0.41       0.40       0.33       0.35       0.36       0.40       0.39       0.40       0.39       0.44       0.35       0.41       0.41       0.41
depend-int             0.00       0.00       0.00       0.00       0.00       0.00       0.00       0.00       0.00       0.00       0.00       0.00       0.00       0.00       0.00
depend-fp              0.00       0.00       0.00       0.00       0.00       0.00       0.00       0.00       0.00       0.00       0.00       0.00       0.00       0.00       0.00
depend-branch          0.00       0.00       0.00       0.00       0.00       0.00       0.00       0.00       0.00       0.00       0.00       0.00       0.00       0.00       0.00
issue-port0            0.00       0.00       0.00       0.00       0.00       0.00       0.00       0.00       0.00       0.00       0.00       0.00       0.00       0.00       0.00
issue-port1            0.00       0.00       0.00       0.00       0.00       0.00       0.00       0.00       0.00       0.00       0.00       0.00       0.00       0.00       0.00
issue-port2            0.00       0.00       0.00       0.00       0.00       0.00       0.00       0.00       0.00       0.00       0.00       0.00       0.00       0.00       0.00
issue-port34           0.00       0.00       0.00       0.00       0.00       0.00       0.00       0.00       0.00       0.00       0.00       0.00       0.00       0.00       0.00
issue-port5            0.00       0.00       0.00       0.00       0.00       0.00       0.00       0.00       0.00       0.00       0.00       0.00       0.00       0.00       0.00
issue-port05           0.00       0.00       0.00       0.00       0.00       0.00       0.00       0.00       0.00       0.00       0.00       0.00       0.00       0.00       0.00
issue-port015          0.00       0.00       0.00       0.00       0.00       0.00       0.00       0.00       0.00       0.00       0.00       0.00       0.00       0.00       0.00
serial                 0.00       0.00       0.00       0.00       0.00       0.00       0.00       0.00       0.00       0.00       0.00       0.00       0.00       0.00       0.00
smt                    1.14       1.27       1.27       1.10       1.09       1.18       1.24       1.20       1.24       1.20       1.26       1.14       1.25       1.27       1.27
branch                 0.10       0.12       0.12       0.10       0.10       0.12       0.13       0.11       0.11       0.11       0.12       0.10       0.11       0.11       0.11
itlb                   0.00       0.00       0.00       0.00       0.00       0.00       0.00       0.00       0.00       0.00       0.00       0.00       0.00       0.00       0.00
dtlb                   0.00       0.00       0.00       0.00       0.00       0.00       0.00       0.00       0.00       0.00       0.00       0.00       0.00       0.00       0.00
ifetch                 3.19       3.73       3.76       3.19       3.21       3.55       3.74       3.50       3.79       3.63       3.75       3.14       3.79       3.78       3.76
mem-l1d                0.14       0.16       0.16       0.16       0.14       0.16       0.16       0.15       0.17       0.15       0.17       0.15       0.16       0.16       0.15
mem-l2                 0.10       0.09       0.08       0.11       0.11       0.09       0.08       0.07       0.09       0.09       0.10       0.11       0.08       0.10       0.09
mem-l3                 0.98       1.19       1.22       0.94       0.97       1.12       1.19       1.15       1.21       1.16       1.20       0.99       1.19       1.21       1.19
mem-l4                 0.00       0.00       0.00       0.00       0.00       0.00       0.00       0.00       0.00       0.00       0.00       0.00       0.00       0.00       0.00
mem-remote             0.00       0.00       0.00       0.00       0.00       0.00       0.00       0.00       0.00       0.00       0.00       0.00       0.00       0.00       0.00
mem-nuca               0.00       0.00       0.00       0.00       0.00       0.00       0.00       0.00       0.00       0.00       0.00       0.00       0.00       0.00       0.00
mem-dram-cache         0.00       0.00       0.00       0.00       0.00       0.00       0.00       0.00       0.00       0.00       0.00       0.00       0.00       0.00       0.00
mem-dram               2.37       2.78       2.75       2.41       2.35       2.61       2.72       2.64       2.76       2.72       2.78       2.41       2.78       2.71       2.79
sync-futex             0.00       0.00       0.00       0.00       0.00       0.00       0.00       0.00       0.00       0.00       0.00       0.00       0.00       0.00       0.00
sync-mutex             0.00       0.00       0.00       0.00       0.00       0.00       0.00       0.00       0.00       0.00       0.00       0.00       0.00       0.00       0.00
sync-cond              0.00       0.00       0.00       0.00       0.00       0.00       0.00       0.00       0.00       0.00       0.00       0.00       0.00       0.00       0.00
sync-barrier           0.00       0.00       0.00       0.00       0.00       0.00       0.00       0.00       0.00       0.00       0.00       0.00       0.00       0.00       0.00
sync-join              0.00       0.00       0.00       0.00       0.00       0.00       0.00       0.00       0.00       0.00       0.00       0.00       0.00       0.00       0.00
sync-pause             0.00       0.00       0.00       0.00       0.00       0.00       0.00       0.00       0.00       0.00       0.00       0.00       0.00       0.00       0.00
sync-sleep             0.00       0.00       0.00       0.00       0.00       0.00       0.00       0.00       0.00       0.00       0.00       0.00       0.00       0.00       0.00
sync-syscall           0.00       0.00       0.00       0.00       0.00       0.00       0.00       0.00       0.00       0.00       0.00       0.00       0.00       0.00       0.00
sync-unscheduled        0.00       0.00       0.00       0.00       0.00       0.00       0.00       0.00       0.00       0.00       0.00       0.00       0.00       0.00       0.00
sync-memaccess         0.00       0.00       0.00       0.00       0.00       0.00       0.00       0.00       0.00       0.00       0.00       0.00       0.00       0.00       0.00
sync-recv              0.00       0.00       0.00       0.00       0.00       0.00       0.00       0.00       0.00       0.00       0.00       0.00       0.00       0.00       0.00
dvfs-transition        0.00       0.00       0.00       0.00       0.00       0.00       0.00       0.00       0.00       0.00       0.00       0.00       0.00       0.00       0.00
imbalance-start        0.00       0.00       0.00       0.00       0.00       0.00       0.00       0.00       0.00       0.00       0.00       0.00       0.00       0.00       0.00
imbalance-end         -0.02      -0.01      -0.04       0.00      -0.00      -0.00      -0.00      -0.00      -0.00      -0.00      -0.04      -0.02       0.00      -0.01      -0.02

total                  8.92      10.22      10.23       8.91       8.95       9.73      10.12       9.71      10.20       9.98      10.23       8.92      10.26      10.23      10.24
