CPI                  Core 0     Core 1     Core 2     Core 3     Core 4     Core 5     Core 6     Core 7     Core 8     Core 9     Core 10    Core 11    Core 12    Core 13    Core 14    Core 15  
base                   0.12       0.12       0.12       0.12       0.11       0.11       0.12       0.12       0.12       0.11       0.12       0.12       0.12       0.12       0.11       0.12
dispatch_width         0.00       0.00       0.00       0.00       0.00       0.00       0.00       0.00       0.00       0.00       0.00       0.00       0.00       0.00       0.00       0.00
rs_full                3.76       3.75       3.76       3.75       3.76       3.77       3.78       3.75       3.77       3.76       3.78       3.76       3.77       3.76       3.76       3.77
depend-int             0.00       0.00       0.00       0.00       0.00       0.00       0.00       0.00       0.00       0.00       0.00       0.00       0.00       0.00       0.00       0.00
depend-fp              0.00       0.00       0.00       0.00       0.00       0.00       0.00       0.00       0.00       0.00       0.00       0.00       0.00       0.00       0.00       0.00
depend-branch          0.00       0.00       0.00       0.00       0.00       0.00       0.00       0.00       0.00       0.00       0.00       0.00       0.00       0.00       0.00       0.00
issue-port0            0.00       0.00       0.00       0.00       0.00       0.00       0.00       0.00       0.00       0.00       0.00       0.00       0.00       0.00       0.00       0.00
issue-port1            0.00       0.00       0.00       0.00       0.00       0.00       0.00       0.00       0.00       0.00       0.00       0.00       0.00       0.00       0.00       0.00
issue-port2            0.00       0.00       0.00       0.00       0.00       0.00       0.00       0.00       0.00       0.00       0.00       0.00       0.00       0.00       0.00       0.00
issue-port34           0.00       0.00       0.00       0.00       0.00       0.00       0.00       0.00       0.00       0.00       0.00       0.00       0.00       0.00       0.00       0.00
issue-port5            0.00       0.00       0.00       0.00       0.00       0.00       0.00       0.00       0.00       0.00       0.00       0.00       0.00       0.00       0.00       0.00
issue-port05           0.00       0.00       0.00       0.00       0.00       0.00       0.00       0.00       0.00       0.00       0.00       0.00       0.00       0.00       0.00       0.00
issue-port015          0.00       0.00       0.00       0.00       0.00       0.00       0.00       0.00       0.00       0.00       0.00       0.00       0.00       0.00       0.00       0.00
serial                 0.00       0.00       0.00       0.00       0.00       0.00       0.00       0.00       0.00       0.00       0.00       0.00       0.00       0.00       0.00       0.00
smt                    6.25       6.23       6.24       6.23       6.24       6.27       6.27       6.23       6.26       6.24       6.27       6.24       6.27       6.24       6.25       6.26
branch                 0.00       0.00       0.00       0.00       0.00       0.00       0.00       0.00       0.00       0.00       0.00       0.00       0.00       0.00       0.00       0.00
itlb                   0.00       0.00       0.00       0.00       0.00       0.00       0.00       0.00       0.00       0.00       0.00       0.00       0.00       0.00       0.00       0.00
dtlb                   0.00       0.00       0.00       0.00       0.00       0.00       0.00       0.00       0.00       0.00       0.00       0.00       0.00       0.00       0.00       0.00
ifetch                 3.27       3.20       3.20       3.17       3.14       3.14       3.14       3.11       3.13       3.12       3.11       3.10       3.11       3.10       3.10       3.10
mem-l1d                0.24       0.24       0.24       0.23       0.23       0.23       0.23       0.23       0.23       0.23       0.23       0.23       0.23       0.23       0.23       0.23
mem-l2                 0.02       0.02       0.02       0.02       0.02       0.02       0.02       0.02       0.02       0.02       0.02       0.01       0.02       0.02       0.02       0.02
mem-l3                 1.27       1.27       1.32       1.31       1.17       1.13       1.29       1.20       1.27       1.17       1.23       1.17       1.22       1.19       1.17       1.22
mem-l4                 0.00       0.00       0.00       0.00       0.00       0.00       0.00       0.00       0.00       0.00       0.00       0.00       0.00       0.00       0.00       0.00
mem-remote             0.00       0.00       0.00       0.00       0.00       0.00       0.00       0.00       0.00       0.00       0.00       0.00       0.00       0.00       0.00       0.00
mem-nuca               0.00       0.00       0.00       0.00       0.00       0.00       0.00       0.00       0.00       0.00       0.00       0.00       0.00       0.00       0.00       0.00
mem-dram-cache         0.00       0.00       0.00       0.00       0.00       0.00       0.00       0.00       0.00       0.00       0.00       0.00       0.00       0.00       0.00       0.00
mem-dram               0.04       0.04       0.04       0.04       0.04       0.04       0.04       0.04       0.04       0.04       0.04       0.04       0.04       0.04       0.04       0.04
sync-futex             0.00       0.00       0.00       0.00       0.00       0.00       0.00       0.00       0.00       0.00       0.00       0.00       0.00       0.00       0.00       0.00
sync-mutex             0.00       0.00       0.00       0.00       0.00       0.00       0.00       0.00       0.00       0.00       0.00       0.00       0.00       0.00       0.00       0.00
sync-cond              0.00       0.00       0.00       0.00       0.00       0.00       0.00       0.00       0.00       0.00       0.00       0.00       0.00       0.00       0.00       0.00
sync-barrier           0.00       0.00       0.00       0.00       0.00       0.00       0.00       0.00       0.00       0.00       0.00       0.00       0.00       0.00       0.00       0.00
sync-join              0.00       0.00       0.00       0.00       0.00       0.00       0.00       0.00       0.00       0.00       0.00       0.00       0.00       0.00       0.00       0.00
sync-pause             0.00       0.00       0.00       0.00       0.00       0.00       0.00       0.00       0.00       0.00       0.00       0.00       0.00       0.00       0.00       0.00
sync-sleep             0.00       0.00       0.00       0.00       0.00       0.00       0.00       0.00       0.00       0.00       0.00       0.00       0.00       0.00       0.00       0.00
sync-syscall           0.00       0.00       0.00       0.00       0.00       0.00       0.00       0.00       0.00       0.00       0.00       0.00       0.00       0.00       0.00       0.00
sync-unscheduled        0.00       0.00       0.00       0.00       0.00       0.00       0.00       0.00       0.00       0.00       0.00       0.00       0.00       0.00       0.00       0.00
sync-memaccess         0.00       0.00       0.00       0.00       0.00       0.00       0.00       0.00       0.00       0.00       0.00       0.00       0.00       0.00       0.00       0.00
sync-recv              0.00       0.00       0.00       0.00       0.00       0.00       0.00       0.00       0.00       0.00       0.00       0.00       0.00       0.00       0.00       0.00
dvfs-transition        0.00       0.00       0.00       0.00       0.00       0.00       0.00       0.00       0.00       0.00       0.00       0.00       0.00       0.00       0.00       0.00
imbalance-start        0.00       0.00       0.00       0.00       0.00       0.00       0.00       0.00       0.00       0.00       0.00       0.00       0.00       0.00       0.00       0.00
imbalance-end         -0.00      -0.00      -0.00      -0.00      -0.00      -0.00      -0.00      -0.00      -0.00      -0.00      -0.00      -0.00      -0.00      -0.00      -0.00      -0.00

total                 14.97      14.87      14.93      14.87      14.71      14.71      14.89      14.70      14.84      14.69      14.80      14.67      14.77      14.70      14.67      14.74
